status	running
done	30
total	721
start	1789909877
